0 32 1
0 17 1
0 2 1
0 19 1
0 4 1
0 62 1
0 10 1
0 31 1
0 30 1
0 15 1
1 32 1
1 17 1
1 2 1
1 19 1
1 4 1
1 49 1
1 33 1
1 62 1
1 31 1
1 30 1
1 15 1
2 32 1
2 33 1
2 4 1
2 42 1
2 15 1
2 49 1
2 50 1
2 19 1
2 62 1
2 58 1
2 30 1
2 31 1
3 32 1
3 33 1
3 4 1
3 42 1
3 15 1
3 49 1
3 50 1
3 19 1
3 62 1
3 58 1
3 30 1
3 31 1
4 32 1
4 33 1
4 2 1
4 42 1
4 34 1
4 15 1
4 16 1
4 49 1
4 50 1
4 19 1
4 62 1
4 56 1
4 58 1
4 30 1
4 31 1
5 32 1
5 33 1
5 34 1
5 19 1
5 4 1
5 62 1
5 42 1
5 15 1
5 58 1
5 30 1
5 31 1
6 32 1
6 33 1
6 2 1
6 4 1
6 10 1
6 34 1
6 15 1
6 17 1
6 19 1
6 62 1
6 42 1
6 30 1
6 31 1
7 32 1
7 33 1
7 4 1
7 49 1
7 8 1
7 15 1
7 17 1
7 19 1
7 56 1
7 58 1
7 30 1
7 31 1
8 32 1
8 17 1
8 50 1
8 19 1
8 49 1
8 33 1
8 56 1
8 58 1
8 15 1
8 30 1
8 31 1
9 32 1
9 33 1
9 4 1
9 15 1
9 16 1
9 49 1
9 50 1
9 19 1
9 62 1
9 56 1
9 30 1
9 31 1
10 32 1
10 33 1
10 42 1
10 15 1
10 16 1
10 49 1
10 50 1
10 19 1
10 56 1
10 58 1
10 30 1
10 31 1
11 32 1
11 33 1
11 4 1
11 49 1
11 42 1
11 15 1
11 16 1
11 17 1
11 50 1
11 19 1
11 62 1
11 56 1
11 58 1
11 30 1
11 31 1
12 32 1
12 33 1
12 34 1
12 4 1
12 42 1
12 15 1
12 50 1
12 19 1
12 52 1
12 62 1
12 56 1
12 58 1
12 30 1
12 31 1
13 33 1
13 34 1
13 4 1
13 42 1
13 62 1
13 15 1
13 19 1
13 53 1
13 56 1
13 58 1
13 30 1
13 31 1
14 16 1
14 32 1
14 19 1
14 48 1
14 49 1
14 33 1
14 56 1
14 58 1
14 15 1
14 30 1
14 31 1
15 32 1
15 48 1
15 49 1
15 33 1
15 16 1
15 17 1
15 50 1
15 19 1
15 56 1
15 58 1
15 30 1
15 31 1
16 32 1
16 17 1
16 50 1
16 19 1
16 49 1
16 33 1
16 56 1
16 58 1
16 15 1
16 30 1
16 31 1
17 32 1
17 33 1
17 42 1
17 15 1
17 16 1
17 49 1
17 50 1
17 19 1
17 62 1
17 56 1
17 58 1
17 30 1
17 31 1
18 32 1
18 33 1
18 42 1
18 15 1
18 16 1
18 49 1
18 50 1
18 19 1
18 56 1
18 58 1
18 30 1
18 31 1
19 32 1
19 33 1
19 49 1
19 42 1
19 15 1
19 16 1
19 17 1
19 50 1
19 52 1
19 62 1
19 56 1
19 58 1
19 30 1
19 31 1
20 32 1
20 33 1
20 49 1
20 42 1
20 15 1
20 17 1
20 19 1
20 52 1
20 53 1
20 56 1
20 58 1
20 30 1
20 31 1
21 32 1
21 2 1
21 4 1
21 10 1
21 15 1
21 17 1
21 19 1
21 62 1
21 23 1
21 25 1
21 63 1
21 60 1
21 42 1
21 30 1
21 31 1
22 32 1
22 2 1
22 4 1
22 10 1
22 15 1
22 17 1
22 19 1
22 62 1
22 23 1
22 63 1
22 60 1
22 42 1
22 30 1
22 31 1
23 32 1
23 1 1
23 2 1
23 4 1
23 49 1
23 10 1
23 34 1
23 15 1
23 17 1
23 19 1
23 62 1
23 22 1
23 25 1
23 63 1
23 60 1
23 42 1
23 30 1
23 31 1
24 32 1
24 2 1
24 4 1
24 10 1
24 15 1
24 17 1
24 19 1
24 62 1
24 23 1
24 25 1
24 63 1
24 60 1
24 42 1
24 30 1
24 31 1
25 32 1
25 2 1
25 4 1
25 10 1
25 15 1
25 17 1
25 19 1
25 62 1
25 23 1
25 63 1
25 60 1
25 42 1
25 30 1
25 31 1
26 32 1
26 33 1
26 2 1
26 4 1
26 42 1
26 34 1
26 15 1
26 17 1
26 19 1
26 62 1
26 23 1
26 58 1
26 30 1
26 31 1
27 32 1
27 33 1
27 2 1
27 4 1
27 10 1
27 34 1
27 15 1
27 17 1
27 19 1
27 62 1
27 23 1
27 63 1
27 60 1
27 42 1
27 30 1
27 31 1
28 32 1
28 1 1
28 2 1
28 3 1
28 4 1
28 49 1
28 10 1
28 34 1
28 15 1
28 17 1
28 19 1
28 62 1
28 22 1
28 25 1
28 63 1
28 60 1
28 42 1
28 30 1
28 31 1
29 32 1
29 1 1
29 2 1
29 4 1
29 10 1
29 15 1
29 17 1
29 19 1
29 62 1
29 23 1
29 60 1
29 42 1
29 30 1
29 31 1
30 32 1
30 17 1
30 2 1
30 19 1
30 4 1
30 33 1
30 42 1
30 31 1
30 62 1
30 15 1
31 32 1
31 17 1
31 2 1
31 19 1
31 4 1
31 62 1
31 33 1
31 42 1
31 30 1
31 15 1
32 17 1
32 2 1
32 19 1
32 4 1
32 62 1
32 33 1
32 42 1
32 31 1
32 30 1
32 15 1
33 32 1
33 17 1
33 2 1
33 19 1
33 4 1
33 62 1
33 42 1
33 31 1
33 58 1
33 30 1
33 15 1
34 32 1
34 33 1
34 2 1
34 4 1
34 10 1
34 15 1
34 17 1
34 19 1
34 62 1
34 42 1
34 30 1
34 31 1
35 32 1
35 33 1
35 2 1
35 4 1
35 10 1
35 34 1
35 15 1
35 17 1
35 19 1
35 62 1
35 23 1
35 58 1
35 42 1
35 30 1
35 31 1
36 1 1
36 2 1
36 4 1
36 49 1
36 10 1
36 34 1
36 15 1
36 17 1
36 19 1
36 62 1
36 23 1
36 63 1
36 60 1
36 42 1
36 30 1
36 31 1
37 1 1
37 2 1
37 4 1
37 10 1
37 34 1
37 15 1
37 16 1
37 19 1
37 62 1
37 23 1
37 58 1
37 63 1
37 60 1
37 42 1
37 30 1
37 31 1
38 32 1
38 2 1
38 19 1
38 4 1
38 62 1
38 31 1
38 30 1
38 15 1
39 2 1
39 4 1
39 49 1
39 42 1
39 62 1
39 34 1
39 15 1
39 16 1
39 17 1
39 19 1
39 53 1
39 58 1
39 63 1
39 60 1
39 10 1
39 30 1
39 31 1
40 32 1
40 17 1
40 2 1
40 19 1
40 56 1
40 10 1
40 31 1
40 58 1
40 30 1
40 15 1
41 34 1
41 4 1
41 49 1
41 10 1
41 62 1
41 15 1
41 16 1
41 17 1
41 19 1
41 53 1
41 56 1
41 58 1
41 42 1
41 30 1
41 31 1
42 16 1
42 32 1
42 19 1
42 53 1
42 56 1
42 15 1
42 30 1
42 31 1
43 19 1
43 4 1
43 53 1
43 42 1
43 62 1
43 30 1
43 31 1
44 32 1
44 33 1
44 46 1
44 56 1
44 15 1
44 53 1
44 30 1
44 31 1
45 49 1
45 19 1
45 53 1
45 56 1
45 62 1
45 42 1
45 15 1
45 58 1
45 30 1
45 31 1
46 32 1
46 33 1
46 53 1
46 56 1
46 62 1
46 58 1
46 15 1
46 60 1
46 30 1
46 31 1
47 32 1
47 33 1
47 19 1
47 49 1
47 56 1
47 58 1
47 15 1
47 30 1
47 31 1
48 32 1
48 33 1
48 49 1
48 56 1
48 58 1
48 15 1
48 30 1
48 31 1
49 16 1
49 17 1
49 50 1
49 19 1
49 33 1
49 32 1
49 56 1
49 58 1
49 31 1
49 30 1
49 15 1
50 32 1
50 33 1
50 49 1
50 42 1
50 15 1
50 16 1
50 17 1
50 19 1
50 56 1
50 58 1
50 30 1
50 31 1
51 32 1
51 17 1
51 61 1
51 19 1
51 49 1
51 33 1
51 56 1
51 42 1
51 58 1
51 30 1
51 31 1
52 32 1
52 17 1
52 19 1
52 49 1
52 33 1
52 56 1
52 42 1
52 58 1
52 30 1
52 31 1
53 32 1
53 17 1
53 19 1
53 49 1
53 33 1
53 56 1
53 42 1
53 62 1
53 58 1
53 30 1
53 31 1
54 32 1
54 33 1
54 42 1
54 11 1
54 15 1
54 50 1
54 19 1
54 62 1
54 56 1
54 58 1
54 30 1
54 31 1
55 32 1
55 33 1
55 46 1
55 49 1
55 56 1
55 62 1
55 15 1
55 60 1
55 30 1
55 31 1
56 32 1
56 33 1
56 62 1
56 49 1
56 58 1
56 15 1
56 30 1
56 31 1
57 32 1
57 17 1
57 61 1
57 49 1
57 33 1
57 56 1
57 42 1
57 58 1
57 30 1
57 31 1
58 32 1
58 17 1
58 19 1
58 49 1
58 33 1
58 56 1
58 42 1
58 62 1
58 30 1
58 31 1
59 32 1
59 33 1
59 19 1
59 62 1
59 49 1
59 56 1
59 58 1
59 11 1
59 30 1
59 31 1
60 32 1
60 33 1
60 62 1
60 49 1
60 56 1
60 30 1
60 31 1
61 32 1
61 33 1
61 62 1
61 49 1
61 56 1
61 58 1
61 30 1
61 31 1
62 32 1
62 33 1
62 49 1
62 56 1
62 58 1
62 30 1
62 31 1
63 33 1
63 2 1
63 52 1
63 62 1
63 49 1
63 56 1
63 9 1
63 60 1
63 61 1
63 30 1
63 31 1
