0 48 1
0 17 1
0 33 1
0 30 1
0 31 1
1 48 1
1 17 1
1 2 1
1 33 1
1 56 1
1 10 1
1 60 1
1 30 1
1 31 1
2 16 1
2 33 1
2 50 1
2 48 1
2 56 1
2 10 1
2 60 1
2 30 1
2 31 1
3 16 1
3 33 1
3 50 1
3 19 1
3 48 1
3 10 1
3 31 1
3 60 1
3 30 1
3 15 1
4 16 1
4 17 1
4 50 1
4 19 1
4 33 1
4 10 1
4 31 1
4 60 1
4 30 1
4 15 1
5 16 1
5 33 1
5 50 1
5 3 1
5 4 1
5 53 1
5 35 1
5 10 1
5 30 1
5 31 1
6 16 1
6 33 1
6 3 1
6 36 1
6 53 1
6 35 1
6 10 1
6 30 1
6 31 1
7 48 1
7 33 1
7 62 1
7 54 1
7 49 1
7 56 1
7 57 1
7 15 1
7 60 1
7 30 1
7 31 1
8 33 1
8 48 1
8 15 1
8 16 1
8 49 1
8 50 1
8 19 1
8 56 1
8 57 1
8 60 1
8 30 1
8 31 1
9 33 1
9 48 1
9 15 1
9 16 1
9 49 1
9 50 1
9 19 1
9 56 1
9 57 1
9 60 1
9 30 1
9 31 1
10 48 1
10 33 1
10 49 1
10 8 1
10 15 1
10 16 1
10 17 1
10 50 1
10 19 1
10 54 1
10 56 1
10 57 1
10 30 1
10 31 1
11 33 1
11 48 1
11 15 1
11 16 1
11 50 1
11 19 1
11 54 1
11 56 1
11 57 1
11 60 1
11 30 1
11 31 1
12 33 1
12 10 1
12 16 1
12 17 1
12 50 1
12 19 1
12 53 1
12 56 1
12 57 1
12 58 1
12 30 1
12 31 1
13 2 1
13 35 1
13 36 1
13 10 1
13 43 1
13 16 1
13 17 1
13 19 1
13 52 1
13 53 1
13 56 1
13 58 1
13 59 1
13 30 1
13 31 1
14 48 1
14 34 1
14 33 1
14 49 1
14 8 1
14 15 1
14 16 1
14 17 1
14 62 1
14 54 1
14 56 1
14 57 1
14 30 1
14 31 1
15 48 1
15 34 1
15 33 1
15 49 1
15 16 1
15 17 1
15 19 1
15 54 1
15 56 1
15 57 1
15 58 1
15 30 1
15 31 1
16 33 1
16 34 1
16 49 1
16 8 1
16 15 1
16 48 1
16 17 1
16 50 1
16 19 1
16 54 1
16 56 1
16 57 1
16 58 1
16 30 1
16 31 1
17 33 1
17 48 1
17 8 1
17 15 1
17 16 1
17 49 1
17 50 1
17 19 1
17 54 1
17 56 1
17 57 1
17 58 1
17 60 1
17 30 1
17 31 1
18 48 1
18 49 1
18 8 1
18 15 1
18 16 1
18 17 1
18 50 1
18 19 1
18 54 1
18 56 1
18 57 1
18 58 1
18 63 1
18 30 1
18 31 1
19 2 1
19 8 1
19 10 1
19 16 1
19 17 1
19 52 1
19 53 1
19 54 1
19 57 1
19 56 1
19 25 1
19 58 1
19 63 1
19 30 1
19 31 1
20 2 1
20 8 1
20 10 1
20 16 1
20 17 1
20 19 1
20 52 1
20 53 1
20 56 1
20 25 1
20 58 1
20 63 1
20 30 1
20 31 1
21 17 1
21 2 1
21 3 1
21 33 1
21 10 1
21 30 1
21 31 1
22 17 1
22 2 1
22 3 1
22 33 1
22 56 1
22 10 1
22 30 1
22 31 1
23 17 1
23 2 1
23 3 1
23 33 1
23 10 1
23 50 1
23 30 1
23 31 1
24 17 1
24 2 1
24 33 1
24 25 1
24 10 1
24 30 1
24 31 1
25 17 1
25 2 1
25 3 1
25 33 1
25 10 1
25 30 1
25 31 1
26 17 1
26 3 1
26 33 1
26 10 1
26 60 1
26 30 1
26 31 1
27 17 1
27 3 1
27 33 1
27 10 1
27 30 1
27 31 1
28 17 1
28 2 1
28 3 1
28 22 1
28 23 1
28 56 1
28 10 1
28 27 1
28 30 1
28 31 1
29 17 1
29 33 1
29 56 1
29 10 1
29 30 1
29 31 1
30 17 1
30 2 1
30 3 1
30 33 1
30 56 1
30 57 1
30 10 1
30 60 1
30 31 1
31 17 1
31 2 1
31 3 1
31 33 1
31 10 1
31 60 1
31 30 1
32 17 1
32 2 1
32 3 1
32 33 1
32 10 1
32 60 1
32 50 1
32 30 1
32 31 1
33 17 1
33 50 1
33 10 1
33 60 1
33 30 1
33 31 1
34 17 1
34 50 1
34 3 1
34 33 1
34 10 1
34 60 1
34 30 1
34 31 1
35 17 1
35 3 1
35 54 1
35 33 1
35 10 1
35 60 1
35 30 1
35 31 1
36 17 1
36 50 1
36 3 1
36 53 1
36 33 1
36 10 1
36 30 1
36 31 1
37 34 1
37 3 1
37 10 1
37 62 1
37 16 1
37 17 1
37 50 1
37 53 1
37 25 1
37 42 1
37 30 1
37 31 1
38 33 1
38 2 1
38 48 1
38 8 1
38 42 1
38 34 1
38 15 1
38 16 1
38 49 1
38 56 1
38 57 1
38 10 1
38 30 1
38 31 1
39 3 1
39 36 1
39 10 1
39 62 1
39 16 1
39 17 1
39 50 1
39 19 1
39 53 1
39 56 1
39 59 1
39 60 1
39 30 1
39 31 1
40 33 1
40 34 1
40 8 1
40 42 1
40 14 1
40 15 1
40 48 1
40 49 1
40 23 1
40 56 1
40 57 1
40 30 1
40 31 1
41 48 1
41 10 1
41 43 1
41 15 1
41 16 1
41 19 1
41 53 1
41 56 1
41 58 1
41 59 1
41 30 1
41 31 1
42 33 1
42 34 1
42 3 1
42 8 1
42 44 1
42 15 1
42 48 1
42 49 1
42 50 1
42 56 1
42 57 1
42 60 1
42 30 1
42 31 1
43 16 1
43 34 1
43 4 1
43 53 1
43 56 1
43 62 1
43 59 1
43 50 1
43 30 1
43 31 1
44 48 1
44 33 1
44 34 1
44 56 1
44 46 1
44 49 1
44 8 1
44 57 1
44 15 1
44 30 1
44 31 1
45 33 1
45 2 1
45 4 1
45 10 1
45 43 1
45 15 1
45 16 1
45 49 1
45 50 1
45 19 1
45 53 1
45 56 1
45 25 1
45 58 1
45 63 1
45 30 1
45 31 1
46 33 1
46 2 1
46 3 1
46 4 1
46 8 1
46 62 1
46 34 1
46 15 1
46 48 1
46 49 1
46 50 1
46 35 1
46 57 1
46 54 1
46 55 1
46 56 1
46 25 1
46 63 1
46 60 1
46 30 1
46 31 1
47 33 1
47 2 1
47 3 1
47 4 1
47 48 1
47 8 1
47 34 1
47 15 1
47 16 1
47 54 1
47 57 1
47 56 1
47 25 1
47 63 1
47 60 1
47 30 1
47 31 1
48 2 1
48 4 1
48 8 1
48 63 1
48 34 1
48 47 1
48 16 1
48 49 1
48 54 1
48 57 1
48 56 1
48 25 1
48 58 1
48 15 1
48 30 1
48 31 1
49 48 1
49 34 1
49 4 1
49 8 1
49 63 1
49 47 1
49 16 1
49 17 1
49 54 1
49 57 1
49 56 1
49 25 1
49 58 1
49 15 1
49 30 1
49 31 1
50 48 1
50 4 1
50 49 1
50 8 1
50 47 1
50 16 1
50 17 1
50 19 1
50 54 1
50 56 1
50 57 1
50 58 1
50 63 1
50 30 1
50 31 1
51 48 1
51 4 1
51 49 1
51 33 1
51 8 1
51 47 1
51 16 1
51 17 1
51 19 1
51 54 1
51 57 1
51 56 1
51 25 1
51 58 1
51 63 1
51 30 1
51 31 1
52 33 1
52 2 1
52 4 1
52 8 1
52 16 1
52 17 1
52 19 1
52 54 1
52 57 1
52 56 1
52 25 1
52 58 1
52 63 1
52 30 1
52 31 1
53 33 1
53 2 1
53 4 1
53 8 1
53 63 1
53 16 1
53 17 1
53 50 1
53 19 1
53 54 1
53 56 1
53 25 1
53 58 1
53 59 1
53 30 1
53 31 1
54 33 1
54 2 1
54 4 1
54 8 1
54 63 1
54 10 1
54 16 1
54 17 1
54 50 1
54 19 1
54 56 1
54 25 1
54 58 1
54 59 1
54 61 1
54 30 1
54 31 1
55 33 1
55 3 1
55 4 1
55 8 1
55 9 1
55 50 1
55 35 1
55 62 1
55 57 1
55 56 1
55 25 1
55 63 1
55 60 1
55 30 1
55 31 1
56 48 1
56 4 1
56 54 1
56 57 1
56 8 1
56 25 1
56 63 1
56 60 1
56 30 1
56 31 1
57 48 1
57 4 1
57 8 1
57 47 1
57 16 1
57 62 1
57 54 1
57 56 1
57 25 1
57 58 1
57 63 1
57 60 1
57 30 1
57 31 1
58 33 1
58 4 1
58 8 1
58 63 1
58 16 1
58 17 1
58 50 1
58 62 1
58 54 1
58 56 1
58 25 1
58 59 1
58 60 1
58 30 1
58 31 1
59 33 1
59 4 1
59 8 1
59 50 1
59 62 1
59 54 1
59 56 1
59 25 1
59 58 1
59 63 1
59 60 1
59 30 1
59 31 1
60 48 1
60 50 1
60 3 1
60 62 1
60 54 1
60 8 1
60 25 1
60 63 1
60 30 1
60 31 1
61 48 1
61 3 1
61 8 1
61 47 1
61 16 1
61 50 1
61 62 1
61 54 1
61 56 1
61 25 1
61 58 1
61 63 1
61 60 1
61 30 1
61 31 1
62 33 1
62 8 1
62 63 1
62 50 1
62 54 1
62 56 1
62 25 1
62 58 1
62 59 1
62 60 1
62 30 1
62 31 1
63 33 1
63 3 1
63 8 1
63 62 1
63 46 1
63 47 1
63 48 1
63 49 1
63 50 1
63 53 1
63 54 1
63 56 1
63 25 1
63 60 1
63 30 1
63 31 1
