6 550 654.0950 24.7139 -4.2120 1.0000 10 42.1795
12 1337 1342.4200 25.3046 -0.2142 0.5700 12 102.5346
14 139 212.2600 16.2789 -4.5003 1.0000 5 10.6599
36 6104 6203.3050 29.8620 -3.3255 1.0000 17 468.1161
38 1672 1658.2200 26.2104 0.5257 0.2400 11 128.2258
46 210 176.5475 7.9353 4.2156 0.0000 6 16.1049
74 1345 1511.0700 24.9855 -6.6466 1.0000 11 103.1481
78 72 102.1800 9.1752 -3.2893 1.0000 5 5.5217
98 56 58.7667 6.6708 -0.4147 0.7200 5 4.2946
102 180 195.0075 11.5837 -1.2956 0.8900 6 13.8042
108 867 792.8350 13.7835 5.3807 0.0000 10 66.4903
110 225 220.7700 12.3439 0.3427 0.4000 6 17.2553
238 54 47.4633 3.5483 1.8422 0.0300 5 4.1413
