6 464 561.7850 30.2958 -3.2277 1.0000 9 31.9603
12 635 688.6550 23.2709 -2.3057 0.9900 10 43.7388
14 32 67.2067 7.9771 -4.4135 1.0000 4 2.2042
36 8264 8462.2450 34.8425 -5.6897 1.0000 17 569.2244
38 1541 1468.8867 32.3666 2.2280 0.0200 10 106.1441
46 79 48.0950 5.4700 5.6499 0.0000 6 5.4415
74 1343 1316.3933 27.1217 0.9810 0.1600 9 92.5059
78 25 54.2500 6.7170 -4.3546 1.0000 4 1.7220
98 4 11.5300 4.5609 -1.6510 0.9900 1 0.2755
102 62 89.6225 8.7139 -3.1699 1.0000 4 4.2706
108 1391 1398.7900 16.1785 -0.4815 0.7100 8 95.8121
110 161 160.7900 11.1440 0.0188 0.5000 5 11.0897
238 91 81.3200 3.4667 2.7923 0.0100 5 6.2681
